2708   
0 9 2 11
0 12 2 14
0 21 2 23
0 24 2 26
0 27 2 29
0 33 2 35
0 39 2 41
0 48 2 50
0 54 2 56
0 60 2 62
0 75 2 77
0 78 2 80
0 81 2 83
0 84 2 86
0 90 2 92
0 105 2 107
0 108 2 110
0 111 2 113
0 114 2 116
0 117 2 119
0 123 2 125
0 147 2 149
0 153 2 155
0 156 2 158
0 159 2 161
0 162 2 164
0 174 2 176
0 180 2 182
0 189 2 191
0 201 2 203
0 207 2 209
0 210 2 212
0 213 2 215
0 216 2 218
0 219 2 221
0 222 2 224
0 228 2 230
0 231 2 233
0 234 2 236
0 237 2 239
0 240 2 242
0 243 2 245
3 0 5 2
3 6 5 8
3 9 5 11
3 12 5 14
3 15 5 17
3 27 5 29
3 30 5 32
3 33 5 35
3 36 5 38
3 39 5 41
3 54 5 56
3 66 5 68
3 75 5 77
3 93 5 95
3 99 5 101
3 111 5 113
3 114 5 116
3 117 5 119
3 120 5 122
3 123 5 125
3 126 5 128
3 132 5 134
3 135 5 137
3 138 5 140
3 144 5 146
3 147 5 149
3 150 5 152
3 153 5 155
3 156 5 158
3 162 5 164
3 165 5 167
3 168 5 170
3 177 5 179
3 180 5 182
3 189 5 191
3 192 5 194
3 198 5 200
3 204 5 206
3 207 5 209
3 219 5 221
3 225 5 227
3 228 5 230
3 231 5 233
3 234 5 236
3 243 5 245
3 246 5 248
6 0 8 2
6 3 8 5
6 6 8 8
6 15 8 17
6 21 8 23
6 27 8 29
6 30 8 32
6 33 8 35
6 39 8 41
6 51 8 53
6 54 8 56
6 63 8 65
6 72 8 74
6 75 8 77
6 78 8 80
6 93 8 95
6 99 8 101
6 108 8 110
6 120 8 122
6 123 8 125
6 129 8 131
6 132 8 134
6 135 8 137
6 141 8 143
6 144 8 146
6 147 8 149
6 150 8 152
6 156 8 158
6 165 8 167
6 174 8 176
6 177 8 179
6 180 8 182
6 183 8 185
6 186 8 188
6 198 8 200
6 204 8 206
6 210 8 212
6 213 8 215
6 222 8 224
6 225 8 227
6 231 8 233
6 240 8 242
6 243 8 245
9 3 11 5
9 12 11 14
9 15 11 17
9 24 11 26
9 27 11 29
9 30 11 32
9 33 11 35
9 36 11 38
9 39 11 41
9 45 11 47
9 48 11 50
9 60 11 62
9 63 11 65
9 66 11 68
9 75 11 77
9 84 11 86
9 87 11 89
9 90 11 92
9 96 11 98
9 105 11 107
9 111 11 113
9 114 11 116
9 120 11 122
9 123 11 125
9 135 11 137
9 150 11 152
9 153 11 155
9 156 11 158
9 162 11 164
9 165 11 167
9 180 11 182
9 195 11 197
9 198 11 200
9 210 11 212
9 216 11 218
9 219 11 221
9 225 11 227
9 237 11 239
9 240 11 242
9 246 11 248
12 6 14 8
12 18 14 20
12 24 14 26
12 27 14 29
12 33 14 35
12 42 14 44
12 51 14 53
12 54 14 56
12 60 14 62
12 63 14 65
12 66 14 68
12 75 14 77
12 90 14 92
12 93 14 95
12 105 14 107
12 114 14 116
12 126 14 128
12 135 14 137
12 141 14 143
12 147 14 149
12 150 14 152
12 156 14 158
12 165 14 167
12 168 14 170
12 180 14 182
12 189 14 191
12 192 14 194
12 195 14 197
12 204 14 206
12 210 14 212
12 216 14 218
12 228 14 230
12 231 14 233
12 234 14 236
12 240 14 242
15 0 17 2
15 3 17 5
15 12 17 14
15 15 17 17
15 21 17 23
15 24 17 26
15 30 17 32
15 33 17 35
15 39 17 41
15 42 17 44
15 48 17 50
15 54 17 56
15 60 17 62
15 69 17 71
15 90 17 92
15 102 17 104
15 105 17 107
15 108 17 110
15 114 17 116
15 120 17 122
15 123 17 125
15 132 17 134
15 138 17 140
15 141 17 143
15 156 17 158
15 162 17 164
15 174 17 176
15 180 17 182
15 183 17 185
15 186 17 188
15 189 17 191
15 195 17 197
15 204 17 206
15 210 17 212
15 216 17 218
15 222 17 224
15 225 17 227
15 246 17 248
18 0 20 2
18 9 20 11
18 15 20 17
18 18 20 20
18 27 20 29
18 30 20 32
18 42 20 44
18 45 20 47
18 48 20 50
18 51 20 53
18 60 20 62
18 63 20 65
18 78 20 80
18 81 20 83
18 87 20 89
18 90 20 92
18 96 20 98
18 102 20 104
18 105 20 107
18 108 20 110
18 111 20 113
18 117 20 119
18 120 20 122
18 129 20 131
18 135 20 137
18 138 20 140
18 144 20 146
18 147 20 149
18 162 20 164
18 165 20 167
18 168 20 170
18 174 20 176
18 180 20 182
18 186 20 188
18 195 20 197
18 201 20 203
18 207 20 209
18 210 20 212
18 219 20 221
18 231 20 233
18 234 20 236
18 240 20 242
18 243 20 245
18 246 20 248
21 0 23 2
21 3 23 5
21 9 23 11
21 12 23 14
21 15 23 17
21 21 23 23
21 36 23 38
21 57 23 59
21 60 23 62
21 63 23 65
21 66 23 68
21 69 23 71
21 72 23 74
21 75 23 77
21 81 23 83
21 87 23 89
21 93 23 95
21 96 23 98
21 99 23 101
21 105 23 107
21 108 23 110
21 111 23 113
21 114 23 116
21 120 23 122
21 132 23 134
21 135 23 137
21 141 23 143
21 144 23 146
21 147 23 149
21 150 23 152
21 153 23 155
21 156 23 158
21 165 23 167
21 168 23 170
21 171 23 173
21 180 23 182
21 198 23 200
21 219 23 221
21 222 23 224
21 225 23 227
21 228 23 230
21 231 23 233
21 234 23 236
21 246 23 248
24 6 26 8
24 9 26 11
24 18 26 20
24 30 26 32
24 48 26 50
24 57 26 59
24 60 26 62
24 66 26 68
24 69 26 71
24 72 26 74
24 75 26 77
24 81 26 83
24 84 26 86
24 93 26 95
24 102 26 104
24 105 26 107
24 108 26 110
24 111 26 113
24 114 26 116
24 123 26 125
24 126 26 128
24 129 26 131
24 132 26 134
24 138 26 140
24 141 26 143
24 150 26 152
24 162 26 164
24 165 26 167
24 168 26 170
24 171 26 173
24 177 26 179
24 180 26 182
24 186 26 188
24 189 26 191
24 192 26 194
24 198 26 200
24 207 26 209
24 213 26 215
24 222 26 224
24 234 26 236
24 237 26 239
24 243 26 245
27 6 29 8
27 9 29 11
27 12 29 14
27 15 29 17
27 21 29 23
27 24 29 26
27 27 29 29
27 36 29 38
27 39 29 41
27 45 29 47
27 54 29 56
27 63 29 65
27 69 29 71
27 72 29 74
27 84 29 86
27 87 29 89
27 90 29 92
27 93 29 95
27 96 29 98
27 105 29 107
27 108 29 110
27 117 29 119
27 120 29 122
27 126 29 128
27 132 29 134
27 144 29 146
27 150 29 152
27 153 29 155
27 156 29 158
27 165 29 167
27 168 29 170
27 171 29 173
27 174 29 176
27 177 29 179
27 189 29 191
27 195 29 197
27 207 29 209
27 210 29 212
27 219 29 221
27 231 29 233
27 237 29 239
27 240 29 242
27 246 29 248
30 3 32 5
30 21 32 23
30 24 32 26
30 39 32 41
30 42 32 44
30 45 32 47
30 54 32 56
30 57 32 59
30 63 32 65
30 69 32 71
30 75 32 77
30 90 32 92
30 99 32 101
30 108 32 110
30 111 32 113
30 117 32 119
30 120 32 122
30 126 32 128
30 132 32 134
30 135 32 137
30 141 32 143
30 144 32 146
30 150 32 152
30 165 32 167
30 171 32 173
30 174 32 176
30 177 32 179
30 192 32 194
30 195 32 197
30 201 32 203
30 204 32 206
30 213 32 215
30 225 32 227
30 228 32 230
30 231 32 233
30 240 32 242
33 0 35 2
33 9 35 11
33 18 35 20
33 24 35 26
33 27 35 29
33 30 35 32
33 36 35 38
33 42 35 44
33 51 35 53
33 54 35 56
33 57 35 59
33 60 35 62
33 72 35 74
33 75 35 77
33 78 35 80
33 81 35 83
33 93 35 95
33 114 35 116
33 117 35 119
33 120 35 122
33 123 35 125
33 138 35 140
33 144 35 146
33 153 35 155
33 159 35 161
33 165 35 167
33 171 35 173
33 177 35 179
33 189 35 191
33 192 35 194
33 210 35 212
33 213 35 215
33 216 35 218
33 219 35 221
33 225 35 227
33 231 35 233
33 234 35 236
33 237 35 239
33 240 35 242
33 246 35 248
36 12 38 14
36 18 38 20
36 33 38 35
36 42 38 44
36 48 38 50
36 54 38 56
36 57 38 59
36 60 38 62
36 63 38 65
36 66 38 68
36 69 38 71
36 75 38 77
36 78 38 80
36 87 38 89
36 90 38 92
36 99 38 101
36 105 38 107
36 123 38 125
36 129 38 131
36 138 38 140
36 144 38 146
36 150 38 152
36 156 38 158
36 162 38 164
36 165 38 167
36 171 38 173
36 174 38 176
36 177 38 179
36 180 38 182
36 183 38 185
36 186 38 188
36 189 38 191
36 195 38 197
36 198 38 200
36 201 38 203
36 204 38 206
36 207 38 209
36 210 38 212
36 213 38 215
36 231 38 233
36 237 38 239
36 243 38 245
36 246 38 248
39 6 41 8
39 15 41 17
39 18 41 20
39 21 41 23
39 30 41 32
39 33 41 35
39 42 41 44
39 51 41 53
39 60 41 62
39 81 41 83
39 84 41 86
39 87 41 89
39 90 41 92
39 105 41 107
39 111 41 113
39 114 41 116
39 129 41 131
39 141 41 143
39 144 41 146
39 147 41 149
39 153 41 155
39 156 41 158
39 159 41 161
39 165 41 167
39 168 41 170
39 171 41 173
39 174 41 176
39 177 41 179
39 186 41 188
39 198 41 200
39 204 41 206
39 219 41 221
39 222 41 224
39 225 41 227
39 231 41 233
39 234 41 236
39 240 41 242
39 243 41 245
39 246 41 248
42 3 44 5
42 6 44 8
42 9 44 11
42 12 44 14
42 15 44 17
42 18 44 20
42 21 44 23
42 24 44 26
42 27 44 29
42 33 44 35
42 51 44 53
42 54 44 56
42 57 44 59
42 60 44 62
42 63 44 65
42 66 44 68
42 69 44 71
42 72 44 74
42 78 44 80
42 90 44 92
42 93 44 95
42 96 44 98
42 99 44 101
42 102 44 104
42 105 44 107
42 114 44 116
42 120 44 122
42 123 44 125
42 126 44 128
42 129 44 131
42 135 44 137
42 141 44 143
42 150 44 152
42 153 44 155
42 156 44 158
42 159 44 161
42 162 44 164
42 168 44 170
42 174 44 176
42 189 44 191
42 192 44 194
42 195 44 197
42 198 44 200
42 201 44 203
42 204 44 206
42 207 44 209
42 210 44 212
42 219 44 221
42 234 44 236
42 243 44 245
45 0 47 2
45 9 47 11
45 12 47 14
45 24 47 26
45 27 47 29
45 30 47 32
45 45 47 47
45 51 47 53
45 63 47 65
45 69 47 71
45 78 47 80
45 84 47 86
45 90 47 92
45 93 47 95
45 99 47 101
45 108 47 110
45 111 47 113
45 114 47 116
45 117 47 119
45 120 47 122
45 123 47 125
45 126 47 128
45 129 47 131
45 135 47 137
45 138 47 140
45 147 47 149
45 150 47 152
45 156 47 158
45 159 47 161
45 162 47 164
45 168 47 170
45 171 47 173
45 174 47 176
45 183 47 185
45 186 47 188
45 192 47 194
45 198 47 200
45 204 47 206
45 207 47 209
45 210 47 212
45 213 47 215
45 219 47 221
45 225 47 227
45 231 47 233
45 240 47 242
48 3 50 5
48 12 50 14
48 15 50 17
48 24 50 26
48 36 50 38
48 39 50 41
48 42 50 44
48 66 50 68
48 72 50 74
48 75 50 77
48 81 50 83
48 87 50 89
48 90 50 92
48 96 50 98
48 99 50 101
48 108 50 110
48 126 50 128
48 132 50 134
48 135 50 137
48 138 50 140
48 144 50 146
48 150 50 152
48 156 50 158
48 162 50 164
48 171 50 173
48 174 50 176
48 183 50 185
48 189 50 191
48 192 50 194
48 195 50 197
48 198 50 200
48 201 50 203
48 204 50 206
48 213 50 215
48 219 50 221
48 225 50 227
48 228 50 230
48 240 50 242
48 246 50 248
51 3 53 5
51 6 53 8
51 9 53 11
51 12 53 14
51 15 53 17
51 27 53 29
51 36 53 38
51 42 53 44
51 45 53 47
51 54 53 56
51 57 53 59
51 60 53 62
51 63 53 65
51 66 53 68
51 72 53 74
51 75 53 77
51 105 53 107
51 117 53 119
51 123 53 125
51 126 53 128
51 129 53 131
51 132 53 134
51 147 53 149
51 162 53 164
51 165 53 167
51 171 53 173
51 174 53 176
51 180 53 182
51 183 53 185
51 195 53 197
51 198 53 200
51 201 53 203
51 204 53 206
51 207 53 209
51 216 53 218
51 219 53 221
51 222 53 224
51 225 53 227
51 231 53 233
51 234 53 236
51 240 53 242
51 243 53 245
51 246 53 248
54 0 56 2
54 3 56 5
54 9 56 11
54 12 56 14
54 18 56 20
54 21 56 23
54 30 56 32
54 33 56 35
54 39 56 41
54 42 56 44
54 51 56 53
54 66 56 68
54 75 56 77
54 81 56 83
54 90 56 92
54 96 56 98
54 99 56 101
54 102 56 104
54 105 56 107
54 111 56 113
54 120 56 122
54 123 56 125
54 126 56 128
54 144 56 146
54 147 56 149
54 159 56 161
54 165 56 167
54 174 56 176
54 177 56 179
54 186 56 188
54 195 56 197
54 198 56 200
54 207 56 209
54 216 56 218
54 228 56 230
54 231 56 233
54 234 56 236
57 0 59 2
57 6 59 8
57 12 59 14
57 30 59 32
57 33 59 35
57 39 59 41
57 42 59 44
57 51 59 53
57 57 59 59
57 60 59 62
57 63 59 65
57 72 59 74
57 78 59 80
57 84 59 86
57 93 59 95
57 96 59 98
57 99 59 101
57 102 59 104
57 108 59 110
57 114 59 116
57 117 59 119
57 123 59 125
57 129 59 131
57 141 59 143
57 144 59 146
57 147 59 149
57 150 59 152
57 156 59 158
57 162 59 164
57 168 59 170
57 177 59 179
57 180 59 182
57 183 59 185
57 189 59 191
57 192 59 194
57 195 59 197
57 207 59 209
57 210 59 212
57 213 59 215
57 219 59 221
57 228 59 230
57 231 59 233
57 234 59 236
60 6 62 8
60 12 62 14
60 21 62 23
60 24 62 26
60 27 62 29
60 33 62 35
60 39 62 41
60 45 62 47
60 48 62 50
60 54 62 56
60 60 62 62
60 69 62 71
60 75 62 77
60 78 62 80
60 84 62 86
60 87 62 89
60 90 62 92
60 96 62 98
60 99 62 101
60 102 62 104
60 123 62 125
60 129 62 131
60 135 62 137
60 138 62 140
60 141 62 143
60 153 62 155
60 162 62 164
60 174 62 176
60 180 62 182
60 183 62 185
60 192 62 194
60 195 62 197
60 204 62 206
60 210 62 212
60 216 62 218
60 219 62 221
60 222 62 224
60 237 62 239
60 240 62 242
60 243 62 245
63 21 65 23
63 27 65 29
63 30 65 32
63 33 65 35
63 36 65 38
63 42 65 44
63 45 65 47
63 48 65 50
63 51 65 53
63 54 65 56
63 66 65 68
63 75 65 77
63 78 65 80
63 84 65 86
63 87 65 89
63 105 65 107
63 108 65 110
63 111 65 113
63 114 65 116
63 123 65 125
63 126 65 128
63 129 65 131
63 132 65 134
63 135 65 137
63 138 65 140
63 144 65 146
63 147 65 149
63 150 65 152
63 153 65 155
63 159 65 161
63 162 65 164
63 165 65 167
63 168 65 170
63 174 65 176
63 183 65 185
63 186 65 188
63 189 65 191
63 192 65 194
63 198 65 200
63 207 65 209
63 210 65 212
63 213 65 215
63 216 65 218
63 222 65 224
63 228 65 230
63 231 65 233
63 240 65 242
66 0 68 2
66 6 68 8
66 12 68 14
66 24 68 26
66 33 68 35
66 48 68 50
66 51 68 53
66 60 68 62
66 75 68 77
66 84 68 86
66 90 68 92
66 93 68 95
66 102 68 104
66 105 68 107
66 117 68 119
66 123 68 125
66 126 68 128
66 132 68 134
66 135 68 137
66 138 68 140
66 141 68 143
66 144 68 146
66 150 68 152
66 153 68 155
66 162 68 164
66 174 68 176
66 177 68 179
66 180 68 182
66 183 68 185
66 189 68 191
66 195 68 197
66 201 68 203
66 207 68 209
66 210 68 212
66 219 68 221
66 231 68 233
66 237 68 239
66 243 68 245
66 246 68 248
69 0 71 2
69 3 71 5
69 9 71 11
69 15 71 17
69 18 71 20
69 24 71 26
69 30 71 32
69 48 71 50
69 51 71 53
69 57 71 59
69 60 71 62
69 63 71 65
69 69 71 71
69 72 71 74
69 75 71 77
69 81 71 83
69 87 71 89
69 90 71 92
69 93 71 95
69 99 71 101
69 120 71 122
69 129 71 131
69 141 71 143
69 144 71 146
69 159 71 161
69 162 71 164
69 168 71 170
69 174 71 176
69 177 71 179
69 180 71 182
69 198 71 200
69 201 71 203
69 213 71 215
69 216 71 218
69 228 71 230
69 243 71 245
69 246 71 248
72 0 74 2
72 3 74 5
72 9 74 11
72 12 74 14
72 15 74 17
72 27 74 29
72 36 74 38
72 39 74 41
72 45 74 47
72 48 74 50
72 60 74 62
72 63 74 65
72 66 74 68
72 75 74 77
72 90 74 92
72 102 74 104
72 105 74 107
72 111 74 113
72 114 74 116
72 126 74 128
72 129 74 131
72 132 74 134
72 138 74 140
72 144 74 146
72 150 74 152
72 162 74 164
72 174 74 176
72 177 74 179
72 186 74 188
72 192 74 194
72 195 74 197
72 198 74 200
72 207 74 209
72 210 74 212
72 213 74 215
72 234 74 236
72 237 74 239
72 240 74 242
72 243 74 245
72 246 74 248
75 3 77 5
75 6 77 8
75 15 77 17
75 21 77 23
75 24 77 26
75 45 77 47
75 51 77 53
75 54 77 56
75 60 77 62
75 66 77 68
75 69 77 71
75 75 77 77
75 90 77 92
75 111 77 113
75 114 77 116
75 135 77 137
75 159 77 161
75 162 77 164
75 165 77 167
75 177 77 179
75 186 77 188
75 189 77 191
75 201 77 203
75 213 77 215
75 216 77 218
75 219 77 221
75 225 77 227
75 234 77 236
75 237 77 239
78 0 80 2
78 3 80 5
78 6 80 8
78 18 80 20
78 24 80 26
78 27 80 29
78 33 80 35
78 39 80 41
78 42 80 44
78 45 80 47
78 48 80 50
78 51 80 53
78 54 80 56
78 57 80 59
78 60 80 62
78 63 80 65
78 66 80 68
78 72 80 74
78 78 80 80
78 81 80 83
78 90 80 92
78 99 80 101
78 102 80 104
78 105 80 107
78 108 80 110
78 114 80 116
78 123 80 125
78 141 80 143
78 159 80 161
78 162 80 164
78 168 80 170
78 174 80 176
78 177 80 179
78 180 80 182
78 183 80 185
78 186 80 188
78 204 80 206
78 207 80 209
78 210 80 212
78 216 80 218
78 222 80 224
78 225 80 227
78 228 80 230
78 234 80 236
78 237 80 239
78 243 80 245
78 246 80 248
81 0 83 2
81 3 83 5
81 15 83 17
81 21 83 23
81 30 83 32
81 36 83 38
81 51 83 53
81 54 83 56
81 57 83 59
81 63 83 65
81 69 83 71
81 75 83 77
81 84 83 86
81 93 83 95
81 102 83 104
81 111 83 113
81 126 83 128
81 129 83 131
81 132 83 134
81 135 83 137
81 138 83 140
81 144 83 146
81 153 83 155
81 162 83 164
81 165 83 167
81 174 83 176
81 177 83 179
81 189 83 191
81 192 83 194
81 201 83 203
81 216 83 218
81 219 83 221
81 222 83 224
81 225 83 227
81 228 83 230
81 231 83 233
81 234 83 236
81 240 83 242
84 0 86 2
84 3 86 5
84 9 86 11
84 15 86 17
84 18 86 20
84 21 86 23
84 27 86 29
84 33 86 35
84 42 86 44
84 45 86 47
84 60 86 62
84 72 86 74
84 78 86 80
84 84 86 86
84 87 86 89
84 90 86 92
84 96 86 98
84 99 86 101
84 102 86 104
84 105 86 107
84 126 86 128
84 132 86 134
84 135 86 137
84 138 86 140
84 153 86 155
84 159 86 161
84 165 86 167
84 168 86 170
84 171 86 173
84 177 86 179
84 180 86 182
84 183 86 185
84 192 86 194
84 207 86 209
84 210 86 212
84 216 86 218
84 219 86 221
84 234 86 236
84 237 86 239
84 246 86 248
87 9 89 11
87 21 89 23
87 27 89 29
87 33 89 35
87 48 89 50
87 60 89 62
87 72 89 74
87 81 89 83
87 87 89 89
87 93 89 95
87 99 89 101
87 102 89 104
87 108 89 110
87 117 89 119
87 120 89 122
87 126 89 128
87 135 89 137
87 138 89 140
87 141 89 143
87 144 89 146
87 147 89 149
87 156 89 158
87 162 89 164
87 171 89 173
87 174 89 176
87 180 89 182
87 186 89 188
87 192 89 194
87 198 89 200
87 207 89 209
87 210 89 212
87 213 89 215
87 216 89 218
87 219 89 221
87 225 89 227
87 231 89 233
87 240 89 242
87 243 89 245
87 246 89 248
90 0 92 2
90 3 92 5
90 9 92 11
90 15 92 17
90 21 92 23
90 24 92 26
90 27 92 29
90 30 92 32
90 33 92 35
90 39 92 41
90 45 92 47
90 54 92 56
90 57 92 59
90 60 92 62
90 63 92 65
90 75 92 77
90 78 92 80
90 81 92 83
90 87 92 89
90 96 92 98
90 102 92 104
90 105 92 107
90 108 92 110
90 111 92 113
90 117 92 119
90 120 92 122
90 123 92 125
90 126 92 128
90 129 92 131
90 132 92 134
90 138 92 140
90 156 92 158
90 159 92 161
90 162 92 164
90 165 92 167
90 168 92 170
90 171 92 173
90 177 92 179
90 180 92 182
90 186 92 188
90 201 92 203
90 210 92 212
90 219 92 221
90 237 92 239
90 243 92 245
90 246 92 248
93 6 95 8
93 12 95 14
93 18 95 20
93 21 95 23
93 24 95 26
93 27 95 29
93 30 95 32
93 39 95 41
93 45 95 47
93 51 95 53
93 54 95 56
93 57 95 59
93 63 95 65
93 66 95 68
93 69 95 71
93 72 95 74
93 75 95 77
93 78 95 80
93 84 95 86
93 87 95 89
93 96 95 98
93 105 95 107
93 108 95 110
93 111 95 113
93 117 95 119
93 123 95 125
93 126 95 128
93 129 95 131
93 135 95 137
93 138 95 140
93 141 95 143
93 147 95 149
93 153 95 155
93 156 95 158
93 159 95 161
93 162 95 164
93 168 95 170
93 171 95 173
93 174 95 176
93 180 95 182
93 183 95 185
93 195 95 197
93 201 95 203
93 207 95 209
93 213 95 215
93 222 95 224
93 234 95 236
93 243 95 245
93 246 95 248
96 9 98 11
96 12 98 14
96 27 98 29
96 30 98 32
96 33 98 35
96 42 98 44
96 48 98 50
96 60 98 62
96 81 98 83
96 84 98 86
96 87 98 89
96 90 98 92
96 96 98 98
96 99 98 101
96 102 98 104
96 105 98 107
96 111 98 113
96 126 98 128
96 129 98 131
96 132 98 134
96 141 98 143
96 144 98 146
96 147 98 149
96 156 98 158
96 159 98 161
96 162 98 164
96 177 98 179
96 180 98 182
96 186 98 188
96 189 98 191
96 192 98 194
96 195 98 197
96 204 98 206
96 207 98 209
96 210 98 212
96 213 98 215
96 225 98 227
96 237 98 239
96 240 98 242
96 243 98 245
96 246 98 248
99 3 101 5
99 6 101 8
99 9 101 11
99 18 101 20
99 24 101 26
99 45 101 47
99 51 101 53
99 57 101 59
99 78 101 80
99 81 101 83
99 90 101 92
99 93 101 95
99 96 101 98
99 99 101 101
99 102 101 104
99 105 101 107
99 111 101 113
99 117 101 119
99 123 101 125
99 138 101 140
99 144 101 146
99 147 101 149
99 159 101 161
99 177 101 179
99 186 101 188
99 192 101 194
99 195 101 197
99 201 101 203
99 207 101 209
99 216 101 218
99 219 101 221
99 228 101 230
99 234 101 236
99 243 101 245
102 6 104 8
102 15 104 17
102 18 104 20
102 30 104 32
102 36 104 38
102 39 104 41
102 42 104 44
102 45 104 47
102 51 104 53
102 57 104 59
102 63 104 65
102 72 104 74
102 75 104 77
102 84 104 86
102 87 104 89
102 96 104 98
102 108 104 110
102 123 104 125
102 132 104 134
102 138 104 140
102 147 104 149
102 153 104 155
102 174 104 176
102 177 104 179
102 180 104 182
102 192 104 194
102 195 104 197
102 198 104 200
102 207 104 209
102 210 104 212
102 213 104 215
102 216 104 218
102 219 104 221
102 222 104 224
102 228 104 230
102 234 104 236
105 6 107 8
105 12 107 14
105 15 107 17
105 24 107 26
105 27 107 29
105 33 107 35
105 36 107 38
105 39 107 41
105 42 107 44
105 48 107 50
105 51 107 53
105 54 107 56
105 57 107 59
105 63 107 65
105 66 107 68
105 78 107 80
105 84 107 86
105 87 107 89
105 90 107 92
105 96 107 98
105 99 107 101
105 108 107 110
105 111 107 113
105 120 107 122
105 123 107 125
105 126 107 128
105 132 107 134
105 135 107 137
105 138 107 140
105 141 107 143
105 144 107 146
105 150 107 152
105 156 107 158
105 165 107 167
105 177 107 179
105 180 107 182
105 183 107 185
105 189 107 191
105 204 107 206
105 210 107 212
105 219 107 221
105 225 107 227
105 231 107 233
105 237 107 239
105 246 107 248
108 6 110 8
108 24 110 26
108 30 110 32
108 33 110 35
108 39 110 41
108 42 110 44
108 45 110 47
108 48 110 50
108 57 110 59
108 69 110 71
108 72 110 74
108 75 110 77
108 81 110 83
108 87 110 89
108 90 110 92
108 93 110 95
108 96 110 98
108 99 110 101
108 105 110 107
108 108 110 110
108 114 110 116
108 120 110 122
108 129 110 131
108 138 110 140
108 141 110 143
108 147 110 149
108 150 110 152
108 156 110 158
108 159 110 161
108 162 110 164
108 165 110 167
108 183 110 185
108 189 110 191
108 192 110 194
108 195 110 197
108 201 110 203
108 204 110 206
108 210 110 212
108 219 110 221
108 222 110 224
108 225 110 227
108 228 110 230
108 243 110 245
111 0 113 2
111 3 113 5
111 6 113 8
111 24 113 26
111 33 113 35
111 45 113 47
111 60 113 62
111 63 113 65
111 66 113 68
111 69 113 71
111 75 113 77
111 78 113 80
111 84 113 86
111 87 113 89
111 93 113 95
111 96 113 98
111 102 113 104
111 108 113 110
111 114 113 116
111 120 113 122
111 123 113 125
111 129 113 131
111 132 113 134
111 138 113 140
111 144 113 146
111 150 113 152
111 153 113 155
111 171 113 173
111 183 113 185
111 186 113 188
111 189 113 191
111 201 113 203
111 204 113 206
111 207 113 209
111 219 113 221
111 228 113 230
111 234 113 236
111 240 113 242
111 243 113 245
114 0 116 2
114 6 116 8
114 21 116 23
114 24 116 26
114 27 116 29
114 33 116 35
114 42 116 44
114 51 116 53
114 57 116 59
114 66 116 68
114 72 116 74
114 75 116 77
114 81 116 83
114 84 116 86
114 90 116 92
114 99 116 101
114 102 116 104
114 111 116 113
114 117 116 119
114 120 116 122
114 123 116 125
114 126 116 128
114 132 116 134
114 135 116 137
114 138 116 140
114 141 116 143
114 144 116 146
114 150 116 152
114 153 116 155
114 165 116 167
114 180 116 182
114 186 116 188
114 189 116 191
114 195 116 197
114 198 116 200
114 201 116 203
114 207 116 209
114 210 116 212
114 216 116 218
114 222 116 224
114 225 116 227
114 228 116 230
114 231 116 233
114 246 116 248
117 3 119 5
117 6 119 8
117 9 119 11
117 18 119 20
117 27 119 29
117 30 119 32
117 33 119 35
117 36 119 38
117 39 119 41
117 42 119 44
117 45 119 47
117 54 119 56
117 60 119 62
117 63 119 65
117 72 119 74
117 78 119 80
117 81 119 83
117 84 119 86
117 87 119 89
117 96 119 98
117 102 119 104
117 105 119 107
117 114 119 116
117 117 119 119
117 126 119 128
117 129 119 131
117 138 119 140
117 147 119 149
117 156 119 158
117 165 119 167
117 168 119 170
117 207 119 209
117 210 119 212
117 213 119 215
117 222 119 224
117 225 119 227
117 231 119 233
117 234 119 236
117 240 119 242
117 243 119 245
120 0 122 2
120 12 122 14
120 18 122 20
120 24 122 26
120 36 122 38
120 57 122 59
120 63 122 65
120 66 122 68
120 69 122 71
120 84 122 86
120 87 122 89
120 90 122 92
120 93 122 95
120 99 122 101
120 102 122 104
120 108 122 110
120 111 122 113
120 117 122 119
120 126 122 128
120 135 122 137
120 138 122 140
120 141 122 143
120 147 122 149
120 150 122 152
120 156 122 158
120 159 122 161
120 168 122 170
120 180 122 182
120 186 122 188
120 189 122 191
120 195 122 197
120 204 122 206
120 210 122 212
120 222 122 224
120 228 122 230
120 231 122 233
120 237 122 239
120 243 122 245
120 246 122 248
123 3 125 5
123 9 125 11
123 12 125 14
123 36 125 38
123 42 125 44
123 54 125 56
123 60 125 62
123 63 125 65
123 66 125 68
123 72 125 74
123 78 125 80
123 81 125 83
123 84 125 86
123 90 125 92
123 93 125 95
123 102 125 104
123 105 125 107
123 120 125 122
123 123 125 125
123 132 125 134
123 135 125 137
123 141 125 143
123 147 125 149
123 153 125 155
123 165 125 167
123 177 125 179
123 180 125 182
123 201 125 203
123 204 125 206
123 207 125 209
123 213 125 215
123 219 125 221
123 222 125 224
123 228 125 230
123 231 125 233
123 234 125 236
123 240 125 242
123 243 125 245
126 0 128 2
126 6 128 8
126 9 128 11
126 15 128 17
126 30 128 32
126 33 128 35
126 42 128 44
126 51 128 53
126 54 128 56
126 60 128 62
126 66 128 68
126 69 128 71
126 81 128 83
126 84 128 86
126 87 128 89
126 93 128 95
126 96 128 98
126 99 128 101
126 105 128 107
126 108 128 110
126 111 128 113
126 114 128 116
126 120 128 122
126 123 128 125
126 129 128 131
126 135 128 137
126 138 128 140
126 144 128 146
126 147 128 149
126 150 128 152
126 153 128 155
126 159 128 161
126 162 128 164
126 168 128 170
126 171 128 173
126 180 128 182
126 183 128 185
126 192 128 194
126 195 128 197
126 198 128 200
126 207 128 209
126 210 128 212
126 213 128 215
126 216 128 218
126 219 128 221
126 222 128 224
126 225 128 227
126 237 128 239
126 243 128 245
129 0 131 2
129 6 131 8
129 9 131 11
129 24 131 26
129 33 131 35
129 39 131 41
129 54 131 56
129 63 131 65
129 69 131 71
129 81 131 83
129 84 131 86
129 87 131 89
129 96 131 98
129 102 131 104
129 108 131 110
129 123 131 125
129 126 131 128
129 132 131 134
129 135 131 137
129 138 131 140
129 141 131 143
129 144 131 146
129 153 131 155
129 156 131 158
129 168 131 170
129 180 131 182
129 183 131 185
129 186 131 188
129 189 131 191
129 198 131 200
129 201 131 203
129 204 131 206
129 207 131 209
129 213 131 215
129 216 131 218
129 222 131 224
129 231 131 233
129 234 131 236
129 237 131 239
129 240 131 242
129 243 131 245
129 246 131 248
132 6 134 8
132 9 134 11
132 12 134 14
132 15 134 17
132 21 134 23
132 27 134 29
132 30 134 32
132 33 134 35
132 36 134 38
132 45 134 47
132 51 134 53
132 57 134 59
132 60 134 62
132 63 134 65
132 66 134 68
132 69 134 71
132 72 134 74
132 84 134 86
132 87 134 89
132 90 134 92
132 102 134 104
132 105 134 107
132 108 134 110
132 111 134 113
132 126 134 128
132 135 134 137
132 138 134 140
132 141 134 143
132 165 134 167
132 168 134 170
132 171 134 173
132 174 134 176
132 180 134 182
132 183 134 185
132 189 134 191
132 198 134 200
132 210 134 212
132 213 134 215
132 216 134 218
132 228 134 230
132 234 134 236
132 243 134 245
135 0 137 2
135 3 137 5
135 9 137 11
135 12 137 14
135 18 137 20
135 24 137 26
135 51 137 53
135 54 137 56
135 57 137 59
135 60 137 62
135 63 137 65
135 75 137 77
135 78 137 80
135 81 137 83
135 84 137 86
135 87 137 89
135 96 137 98
135 99 137 101
135 102 137 104
135 105 137 107
135 114 137 116
135 117 137 119
135 138 137 140
135 141 137 143
135 153 137 155
135 159 137 161
135 162 137 164
135 186 137 188
135 192 137 194
135 201 137 203
135 204 137 206
135 207 137 209
135 210 137 212
135 219 137 221
135 222 137 224
135 228 137 230
135 231 137 233
135 234 137 236
135 237 137 239
135 240 137 242
138 12 140 14
138 15 140 17
138 27 140 29
138 33 140 35
138 39 140 41
138 42 140 44
138 60 140 62
138 63 140 65
138 66 140 68
138 72 140 74
138 78 140 80
138 84 140 86
138 87 140 89
138 93 140 95
138 105 140 107
138 111 140 113
138 114 140 116
138 117 140 119
138 120 140 122
138 126 140 128
138 129 140 131
138 135 140 137
138 141 140 143
138 165 140 167
138 174 140 176
138 180 140 182
138 186 140 188
138 189 140 191
138 195 140 197
138 198 140 200
138 201 140 203
138 204 140 206
138 207 140 209
138 210 140 212
138 213 140 215
138 219 140 221
138 222 140 224
138 225 140 227
138 231 140 233
138 240 140 242
138 243 140 245
141 3 143 5
141 6 143 8
141 9 143 11
141 15 143 17
141 18 143 20
141 27 143 29
141 30 143 32
141 48 143 50
141 51 143 53
141 69 143 71
141 72 143 74
141 75 143 77
141 84 143 86
141 90 143 92
141 93 143 95
141 96 143 98
141 102 143 104
141 105 143 107
141 129 143 131
141 135 143 137
141 138 143 140
141 150 143 152
141 159 143 161
141 162 143 164
141 165 143 167
141 171 143 173
141 177 143 179
141 189 143 191
141 201 143 203
141 213 143 215
141 222 143 224
141 225 143 227
141 231 143 233
141 234 143 236
141 240 143 242
144 12 146 14
144 15 146 17
144 18 146 20
144 21 146 23
144 27 146 29
144 30 146 32
144 33 146 35
144 36 146 38
144 39 146 41
144 48 146 50
144 51 146 53
144 54 146 56
144 66 146 68
144 69 146 71
144 72 146 74
144 75 146 77
144 78 146 80
144 81 146 83
144 87 146 89
144 102 146 104
144 105 146 107
144 111 146 113
144 117 146 119
144 120 146 122
144 132 146 134
144 138 146 140
144 141 146 143
144 147 146 149
144 153 146 155
144 159 146 161
144 162 146 164
144 165 146 167
144 171 146 173
144 174 146 176
144 180 146 182
144 189 146 191
144 192 146 194
144 195 146 197
144 201 146 203
144 204 146 206
144 210 146 212
144 213 146 215
144 237 146 239
144 246 146 248
147 0 149 2
147 3 149 5
147 12 149 14
147 24 149 26
147 30 149 32
147 33 149 35
147 48 149 50
147 51 149 53
147 54 149 56
147 60 149 62
147 63 149 65
147 66 149 68
147 69 149 71
147 81 149 83
147 93 149 95
147 96 149 98
147 99 149 101
147 102 149 104
147 105 149 107
147 108 149 110
147 111 149 113
147 120 149 122
147 126 149 128
147 132 149 134
147 138 149 140
147 141 149 143
147 150 149 152
147 156 149 158
147 162 149 164
147 165 149 167
147 183 149 185
147 189 149 191
147 192 149 194
147 198 149 200
147 201 149 203
147 213 149 215
147 219 149 221
147 234 149 236
147 237 149 239
147 240 149 242
147 246 149 248
150 0 152 2
150 3 152 5
150 6 152 8
150 9 152 11
150 21 152 23
150 24 152 26
150 27 152 29
150 30 152 32
150 33 152 35
150 39 152 41
150 45 152 47
150 48 152 50
150 54 152 56
150 57 152 59
150 63 152 65
150 66 152 68
150 69 152 71
150 72 152 74
150 90 152 92
150 93 152 95
150 102 152 104
150 111 152 113
150 114 152 116
150 120 152 122
150 123 152 125
150 126 152 128
150 135 152 137
150 150 152 152
150 153 152 155
150 156 152 158
150 162 152 164
150 171 152 173
150 183 152 185
150 186 152 188
150 192 152 194
150 204 152 206
150 210 152 212
150 216 152 218
150 219 152 221
150 222 152 224
150 228 152 230
150 231 152 233
150 240 152 242
153 0 155 2
153 12 155 14
153 15 155 17
153 21 155 23
153 27 155 29
153 30 155 32
153 36 155 38
153 54 155 56
153 57 155 59
153 63 155 65
153 66 155 68
153 72 155 74
153 81 155 83
153 87 155 89
153 90 155 92
153 99 155 101
153 108 155 110
153 111 155 113
153 114 155 116
153 126 155 128
153 132 155 134
153 135 155 137
153 147 155 149
153 150 155 152
153 156 155 158
153 177 155 179
153 180 155 182
153 183 155 185
153 186 155 188
153 195 155 197
153 198 155 200
153 204 155 206
153 207 155 209
153 216 155 218
153 228 155 230
153 234 155 236
153 243 155 245
153 246 155 248
156 6 158 8
156 18 158 20
156 21 158 23
156 24 158 26
156 27 158 29
156 42 158 44
156 48 158 50
156 51 158 53
156 54 158 56
156 57 158 59
156 66 158 68
156 78 158 80
156 81 158 83
156 105 158 107
156 108 158 110
156 117 158 119
156 126 158 128
156 132 158 134
156 150 158 152
156 156 158 158
156 168 158 170
156 171 158 173
156 174 158 176
156 177 158 179
156 180 158 182
156 186 158 188
156 189 158 191
156 192 158 194
156 195 158 197
156 198 158 200
156 201 158 203
156 204 158 206
156 207 158 209
156 219 158 221
156 222 158 224
156 225 158 227
156 228 158 230
156 240 158 242
159 3 161 5
159 15 161 17
159 21 161 23
159 30 161 32
159 33 161 35
159 36 161 38
159 39 161 41
159 45 161 47
159 51 161 53
159 54 161 56
159 57 161 59
159 60 161 62
159 66 161 68
159 72 161 74
159 75 161 77
159 87 161 89
159 96 161 98
159 114 161 116
159 117 161 119
159 123 161 125
159 126 161 128
159 138 161 140
159 141 161 143
159 147 161 149
159 153 161 155
159 159 161 161
159 165 161 167
159 168 161 170
159 174 161 176
159 177 161 179
159 183 161 185
159 189 161 191
159 192 161 194
159 198 161 200
159 204 161 206
159 210 161 212
159 213 161 215
159 219 161 221
159 225 161 227
159 228 161 230
159 234 161 236
159 237 161 239
159 246 161 248
162 6 164 8
162 12 164 14
162 21 164 23
162 24 164 26
162 30 164 32
162 33 164 35
162 36 164 38
162 39 164 41
162 45 164 47
162 48 164 50
162 54 164 56
162 63 164 65
162 66 164 68
162 69 164 71
162 75 164 77
162 78 164 80
162 84 164 86
162 93 164 95
162 96 164 98
162 99 164 101
162 105 164 107
162 108 164 110
162 117 164 119
162 120 164 122
162 123 164 125
162 126 164 128
162 135 164 137
162 138 164 140
162 141 164 143
162 147 164 149
162 159 164 161
162 177 164 179
162 180 164 182
162 183 164 185
162 195 164 197
162 201 164 203
162 207 164 209
162 213 164 215
162 222 164 224
162 225 164 227
162 228 164 230
162 234 164 236
162 237 164 239
162 240 164 242
162 243 164 245
162 246 164 248
165 3 167 5
165 9 167 11
165 15 167 17
165 18 167 20
165 24 167 26
165 39 167 41
165 51 167 53
165 63 167 65
165 66 167 68
165 69 167 71
165 72 167 74
165 78 167 80
165 81 167 83
165 96 167 98
165 105 167 107
165 108 167 110
165 111 167 113
165 117 167 119
165 123 167 125
165 129 167 131
165 147 167 149
165 153 167 155
165 159 167 161
165 168 167 170
165 180 167 182
165 189 167 191
165 192 167 194
165 204 167 206
165 207 167 209
165 210 167 212
165 213 167 215
165 225 167 227
165 237 167 239
165 243 167 245
168 0 170 2
168 3 170 5
168 6 170 8
168 30 170 32
168 33 170 35
168 36 170 38
168 42 170 44
168 45 170 47
168 60 170 62
168 69 170 71
168 72 170 74
168 90 170 92
168 93 170 95
168 102 170 104
168 111 170 113
168 114 170 116
168 117 170 119
168 120 170 122
168 135 170 137
168 141 170 143
168 156 170 158
168 162 170 164
168 171 170 173
168 174 170 176
168 177 170 179
168 189 170 191
168 192 170 194
168 201 170 203
168 207 170 209
168 216 170 218
168 219 170 221
168 228 170 230
168 231 170 233
168 234 170 236
168 240 170 242
168 243 170 245
171 0 173 2
171 9 173 11
171 15 173 17
171 18 173 20
171 21 173 23
171 27 173 29
171 30 173 32
171 36 173 38
171 39 173 41
171 51 173 53
171 54 173 56
171 57 173 59
171 60 173 62
171 69 173 71
171 75 173 77
171 81 173 83
171 84 173 86
171 87 173 89
171 90 173 92
171 96 173 98
171 102 173 104
171 114 173 116
171 117 173 119
171 123 173 125
171 129 173 131
171 132 173 134
171 135 173 137
171 147 173 149
171 150 173 152
171 153 173 155
171 156 173 158
171 162 173 164
171 168 173 170
171 171 173 173
171 177 173 179
171 183 173 185
171 186 173 188
171 189 173 191
171 192 173 194
171 207 173 209
171 213 173 215
171 216 173 218
171 219 173 221
171 228 173 230
171 240 173 242
171 243 173 245
174 3 176 5
174 9 176 11
174 15 176 17
174 21 176 23
174 24 176 26
174 36 176 38
174 42 176 44
174 45 176 47
174 54 176 56
174 57 176 59
174 63 176 65
174 66 176 68
174 69 176 71
174 72 176 74
174 75 176 77
174 81 176 83
174 84 176 86
174 87 176 89
174 96 176 98
174 99 176 101
174 102 176 104
174 108 176 110
174 114 176 116
174 117 176 119
174 126 176 128
174 135 176 137
174 138 176 140
174 141 176 143
174 150 176 152
174 153 176 155
174 156 176 158
174 162 176 164
174 171 176 173
174 174 176 176
174 180 176 182
174 186 176 188
174 195 176 197
174 213 176 215
174 216 176 218
174 219 176 221
174 222 176 224
174 231 176 233
174 243 176 245
174 246 176 248
177 0 179 2
177 3 179 5
177 9 179 11
177 12 179 14
177 18 179 20
177 27 179 29
177 30 179 32
177 36 179 38
177 42 179 44
177 45 179 47
177 57 179 59
177 69 179 71
177 81 179 83
177 93 179 95
177 96 179 98
177 99 179 101
177 102 179 104
177 114 179 116
177 117 179 119
177 120 179 122
177 123 179 125
177 126 179 128
177 156 179 158
177 165 179 167
177 168 179 170
177 171 179 173
177 177 179 179
177 180 179 182
177 189 179 191
177 192 179 194
177 207 179 209
177 210 179 212
177 216 179 218
177 219 179 221
177 222 179 224
177 228 179 230
177 237 179 239
177 240 179 242
177 246 179 248
180 0 182 2
180 3 182 5
180 9 182 11
180 18 182 20
180 24 182 26
180 27 182 29
180 30 182 32
180 33 182 35
180 36 182 38
180 39 182 41
180 45 182 47
180 51 182 53
180 54 182 56
180 57 182 59
180 60 182 62
180 63 182 65
180 66 182 68
180 72 182 74
180 75 182 77
180 81 182 83
180 84 182 86
180 87 182 89
180 90 182 92
180 96 182 98
180 99 182 101
180 108 182 110
180 114 182 116
180 120 182 122
180 123 182 125
180 144 182 146
180 159 182 161
180 162 182 164
180 165 182 167
180 168 182 170
180 171 182 173
180 177 182 179
180 180 182 182
180 186 182 188
180 192 182 194
180 198 182 200
180 204 182 206
180 210 182 212
180 231 182 233
180 237 182 239
180 240 182 242
183 6 185 8
183 9 185 11
183 12 185 14
183 21 185 23
183 27 185 29
183 54 185 56
183 57 185 59
183 72 185 74
183 75 185 77
183 78 185 80
183 93 185 95
183 96 185 98
183 102 185 104
183 108 185 110
183 111 185 113
183 120 185 122
183 126 185 128
183 129 185 131
183 135 185 137
183 141 185 143
183 150 185 152
183 159 185 161
183 171 185 173
183 174 185 176
183 189 185 191
183 192 185 194
183 195 185 197
183 198 185 200
183 204 185 206
183 210 185 212
183 213 185 215
183 219 185 221
183 231 185 233
183 234 185 236
183 237 185 239
183 240 185 242
183 243 185 245
183 246 185 248
186 3 188 5
186 9 188 11
186 27 188 29
186 30 188 32
186 36 188 38
186 66 188 68
186 75 188 77
186 78 188 80
186 81 188 83
186 84 188 86
186 90 188 92
186 99 188 101
186 102 188 104
186 105 188 107
186 108 188 110
186 111 188 113
186 114 188 116
186 126 188 128
186 129 188 131
186 141 188 143
186 153 188 155
186 159 188 161
186 162 188 164
186 165 188 167
186 177 188 179
186 183 188 185
186 186 188 188
186 192 188 194
186 198 188 200
186 201 188 203
186 207 188 209
186 210 188 212
186 216 188 218
186 228 188 230
186 231 188 233
186 234 188 236
189 9 191 11
189 15 191 17
189 21 191 23
189 27 191 29
189 30 191 32
189 33 191 35
189 39 191 41
189 45 191 47
189 48 191 50
189 51 191 53
189 54 191 56
189 57 191 59
189 60 191 62
189 69 191 71
189 75 191 77
189 78 191 80
189 93 191 95
189 99 191 101
189 102 191 104
189 105 191 107
189 123 191 125
189 126 191 128
189 132 191 134
189 138 191 140
189 147 191 149
189 153 191 155
189 159 191 161
189 171 191 173
189 183 191 185
189 189 191 191
189 195 191 197
189 207 191 209
189 213 191 215
189 219 191 221
189 225 191 227
189 231 191 233
189 246 191 248
192 0 194 2
192 3 194 5
192 9 194 11
192 12 194 14
192 15 194 17
192 21 194 23
192 42 194 44
192 45 194 47
192 48 194 50
192 51 194 53
192 57 194 59
192 60 194 62
192 63 194 65
192 69 194 71
192 72 194 74
192 75 194 77
192 81 194 83
192 87 194 89
192 93 194 95
192 96 194 98
192 102 194 104
192 111 194 113
192 114 194 116
192 117 194 119
192 120 194 122
192 123 194 125
192 129 194 131
192 132 194 134
192 141 194 143
192 162 194 164
192 165 194 167
192 168 194 170
192 174 194 176
192 177 194 179
192 180 194 182
192 201 194 203
192 204 194 206
192 207 194 209
192 210 194 212
192 213 194 215
192 216 194 218
192 219 194 221
192 225 194 227
192 228 194 230
192 231 194 233
192 234 194 236
192 243 194 245
195 6 197 8
195 18 197 20
195 30 197 32
195 36 197 38
195 39 197 41
195 42 197 44
195 45 197 47
195 48 197 50
195 51 197 53
195 57 197 59
195 60 197 62
195 66 197 68
195 75 197 77
195 78 197 80
195 90 197 92
195 102 197 104
195 105 197 107
195 108 197 110
195 111 197 113
195 114 197 116
195 120 197 122
195 129 197 131
195 135 197 137
195 141 197 143
195 147 197 149
195 150 197 152
195 153 197 155
195 171 197 173
195 189 197 191
195 192 197 194
195 195 197 197
195 198 197 200
195 210 197 212
195 213 197 215
195 219 197 221
195 222 197 224
195 225 197 227
195 228 197 230
195 231 197 233
195 234 197 236
195 240 197 242
195 246 197 248
